  1.000000000000000E-008  8.999998979999971E-008
  2.000000000000000E-008  1.799999787999984E-007
  3.000000000000000E-008  2.699999669999963E-007
  4.000000000000000E-008  3.599999543999933E-007
  5.000000000000000E-008  4.499999409999895E-007
  5.999999999999999E-008  5.399999267999848E-007
  6.999999999999999E-008  6.299999117999792E-007
  7.999999999999999E-008  7.199998959999726E-007
  8.999999999999999E-008  8.099998793999653E-007
  9.999999999999998E-008  8.999998619999570E-007
  1.100000000000000E-007  9.899998437999479E-007
  1.200000000000000E-007  1.079999824799938E-006
  1.300000000000000E-007  1.169999804999927E-006
  1.400000000000000E-007  1.259999784399916E-006
  1.500000000000000E-007  1.349999762999904E-006
  1.600000000000000E-007  1.439999740799891E-006
  1.700000000000000E-007  1.529999717799877E-006
  1.800000000000001E-007  1.619999693999863E-006
  1.900000000000001E-007  1.709999669399848E-006
  2.000000000000001E-007  1.799999643999832E-006
  2.100000000000001E-007  1.889999617799815E-006
  2.200000000000001E-007  1.979999590799797E-006
  2.300000000000001E-007  2.069999562999779E-006
  2.400000000000001E-007  2.159999534399760E-006
  2.500000000000001E-007  2.249999504999740E-006
  2.600000000000001E-007  2.339999474799719E-006
  2.700000000000001E-007  2.429999443799698E-006
  2.800000000000001E-007  2.519999411999676E-006
  2.900000000000001E-007  2.609999379399653E-006
  3.000000000000001E-007  2.699999345999630E-006
  3.100000000000002E-007  2.789999311799606E-006
  3.200000000000002E-007  2.879999276799582E-006
  3.300000000000002E-007  2.969999240999557E-006
  3.400000000000002E-007  3.059999204399531E-006
  3.500000000000002E-007  3.149999166999504E-006
  3.600000000000002E-007  3.239999128799477E-006
  3.700000000000002E-007  3.329999089799449E-006
  3.800000000000002E-007  3.419999049999421E-006
  3.900000000000002E-007  3.509999009399392E-006
  4.000000000000002E-007  3.599998967999362E-006
  4.100000000000003E-007  3.689998925799332E-006
  4.200000000000003E-007  3.779998882799301E-006
  4.300000000000003E-007  3.869998838999269E-006
  4.400000000000003E-007  3.959998794399237E-006
  4.500000000000003E-007  4.049998748999204E-006
  4.600000000000003E-007  4.139998702799171E-006
  4.700000000000003E-007  4.229998655799138E-006
  4.800000000000003E-007  4.319998607999103E-006
  4.900000000000003E-007  4.409998559399068E-006
  5.000000000000003E-007  4.499998509999033E-006
