  1.000000000000000E-004  8.999600011666422E-004  3.461857536746216E-016
  2.000000000000000E-004  1.799840009332934E-003  3.749171112454874E-016
  3.000000000000000E-004  2.699640031497976E-003 -1.687018580387445E-016
  4.000000000000000E-004  3.599360074660269E-003 -9.384854005034526E-016
  5.000000000000000E-004  4.498705095857331E-003  2.950499593916411E-007
  6.000000000000001E-004  4.498658771637888E-003  8.999014803291669E-004
  7.000000000000001E-004  4.509446649432691E-003  1.788593750674705E-003
  8.000000000000001E-004  4.530835030219346E-003  2.666605567011918E-003
  9.000000000000002E-004  4.562696560391303E-003  3.534064289944423E-003
  1.000000000000000E-003  4.604905371085649E-003  4.391095795330430E-003
  1.100000000000000E-003  4.657337088041638E-003  5.237824464427751E-003
  1.200000000000000E-003  4.719868818361377E-003  6.074373197118916E-003
  1.300000000000000E-003  4.792379134149853E-003  6.900863428303113E-003
  1.400000000000000E-003  4.874748055531401E-003  7.717415144842418E-003
  1.500000000000000E-003  4.966857033595371E-003  8.524146902639220E-003
  1.600000000000001E-003  5.068588933436320E-003  9.321175843592482E-003
  1.700000000000001E-003  5.179828017346900E-003  1.010861771239951E-002
  1.800000000000001E-003  5.300459928186342E-003  1.088658687319105E-002
  1.900000000000001E-003  5.430371672934019E-003  1.165519632597590E-002
  2.000000000000000E-003  5.569451606431519E-003  1.241455772290245E-002
  2.100000000000000E-003  5.717589415314178E-003  1.316478138432533E-002
  2.200000000000000E-003  5.874676102131315E-003  1.390597631467983E-002
  2.300000000000000E-003  6.040603969654003E-003  1.463825021818665E-002
  2.400000000000000E-003  6.215266605368981E-003  1.536170951434012E-002
  2.500000000000000E-003  6.398558866156382E-003  1.607645935325007E-002
  2.599999999999999E-003  6.590376863150008E-003  1.678260363076378E-002
  2.699999999999999E-003  6.790617946777370E-003  1.748024500344193E-002
  2.799999999999999E-003  6.999180691978234E-003  1.816948490332938E-002
  2.899999999999999E-003  7.215964883599049E-003  1.885042355256078E-002
  2.999999999999999E-003  7.440871501961406E-003  1.952315997779916E-002
  3.099999999999999E-003  7.673802708602689E-003  2.018779202448822E-002
  3.199999999999998E-003  7.914661832186511E-003  2.084441637094721E-002
  3.299999999999998E-003  8.163353354581271E-003  2.149312854228704E-002
  3.399999999999998E-003  8.419782897104672E-003  2.213402292417286E-002
  3.499999999999998E-003  8.683857206932251E-003  2.276719277640667E-002
  3.599999999999998E-003  8.955484143668020E-003  2.339273024636730E-002
  3.699999999999998E-003  9.234572666075285E-003  2.401072638226544E-002
  3.799999999999997E-003  9.521032818965575E-003  2.462127114627241E-002
  3.899999999999997E-003  9.814775720244230E-003  2.522445342745685E-002
  3.999999999999997E-003  1.011571354811014E-002  2.582036105459917E-002
  4.099999999999998E-003  1.042375952840848E-002  2.640908080882996E-002
  4.199999999999998E-003  1.073882792213406E-002  2.699069843612659E-002
  4.299999999999998E-003  1.106083401308386E-002  2.756529865967319E-002
  4.399999999999999E-003  1.138969409565683E-002  2.813296519204122E-002
  4.499999999999999E-003  1.172532546279906E-002  2.869378074726212E-002
  4.599999999999999E-003  1.206764639409304E-002  2.924782705272382E-002
  4.699999999999999E-003  1.241657614398861E-002  2.979518486094868E-002
  4.800000000000000E-003  1.277203493017463E-002  3.033593396122182E-002
  4.900000000000000E-003  1.313394392208918E-002  3.087015319107559E-002
  5.000000000000000E-003  1.350222522956679E-002  3.139792044764589E-002
  5.100000000000000E-003  1.387680189162115E-002  3.191931269889299E-002
  5.200000000000001E-003  1.425759786536170E-002  3.243440599467255E-002
  5.300000000000001E-003  1.464453801504221E-002  3.294327547770300E-002
  5.400000000000001E-003  1.503754810124014E-002  3.344599539437376E-002
  5.500000000000001E-003  1.543655477016511E-002  3.394263910544564E-002
  5.600000000000002E-003  1.584148554309476E-002  3.443327909660606E-002
  5.700000000000002E-003  1.625226880593670E-002  3.491798698891431E-002
  5.800000000000002E-003  1.666883379891499E-002  3.539683354911143E-002
  5.900000000000002E-003  1.709111060637956E-002  3.586988869981612E-002
  6.000000000000003E-003  1.751903014673732E-002  3.633722152958659E-002
  6.100000000000003E-003  1.795252416250322E-002  3.679890030286940E-002
  6.200000000000003E-003  1.839152521047005E-002  3.725499246983688E-002
  6.300000000000004E-003  1.883596665199552E-002  3.770556467609462E-002
  6.400000000000004E-003  1.928578264340521E-002  3.815068277227860E-002
  6.500000000000004E-003  1.974090812650987E-002  3.859041182353960E-002
  6.600000000000004E-003  2.020127881923605E-002  3.902481611891618E-002
  6.700000000000005E-003  2.066683120636828E-002  3.945395918058178E-002
  6.800000000000005E-003  2.113750253040179E-002  3.987790377300272E-002
  6.900000000000005E-003  2.161323078250431E-002  4.029671191196928E-002
  7.000000000000005E-003  2.209395469358568E-002  4.071044487353136E-002
  7.100000000000006E-003  2.257961372547400E-002  4.111916320281885E-002
  7.200000000000006E-003  2.307014806219704E-002  4.152292672276198E-002
  7.300000000000006E-003  2.356549860136757E-002  4.192179454270596E-002
  7.400000000000006E-003  2.406560694567161E-002  4.231582506691923E-002
  7.500000000000007E-003  2.457041539445799E-002  4.270507600301447E-002
  7.600000000000007E-003  2.507986693542849E-002  4.308960437023904E-002
  7.700000000000007E-003  2.559390523642679E-002  4.346946650770722E-002
  7.800000000000007E-003  2.611247463732570E-002  4.384471808249889E-002
  7.900000000000008E-003  2.663552014201087E-002  4.421541409768459E-002
  8.000000000000007E-003  2.716298741046040E-002  4.458160890023712E-002
  8.100000000000007E-003  2.769482275091862E-002  4.494335618886480E-002
  8.200000000000006E-003  2.823097311216342E-002  4.530070902174062E-002
  8.300000000000005E-003  2.877138607586582E-002  4.565371982414802E-002
  8.400000000000005E-003  2.931600984904066E-002  4.600244039602124E-002
  8.500000000000004E-003  2.986479325658723E-002  4.634692191941011E-002
  8.600000000000003E-003  3.041768573391898E-002  4.668721496585207E-002
  8.700000000000003E-003  3.097463731968116E-002  4.702336950364920E-002
  8.800000000000002E-003  3.153559864855526E-002  4.735543490506911E-002
  8.900000000000002E-003  3.210052094414936E-002  4.768345995345106E-002
  9.000000000000001E-003  3.266935601197315E-002  4.800749285023446E-002
  9.100000000000000E-003  3.324205623249694E-002  4.832758122189278E-002
  9.200000000000000E-003  3.381857455429330E-002  4.864377212680079E-002
  9.299999999999999E-003  3.439886448726053E-002  4.895611206200396E-002
  9.399999999999999E-003  3.498288009592711E-002  4.926464696992115E-002
  9.499999999999998E-003  3.557057599283577E-002  4.956942224495341E-002
  9.599999999999997E-003  3.616190733200675E-002  4.987048274001893E-002
  9.699999999999997E-003  3.675682980247873E-002  5.016787277302815E-002
  9.799999999999996E-003  3.735529962192717E-002  5.046163613324763E-002
  9.899999999999996E-003  3.795727353035842E-002  5.075181608760767E-002
  9.999999999999995E-003  3.856270878387922E-002  5.103845538694887E-002
  1.009999999999999E-002  3.917156314854059E-002  5.132159627215688E-002
  1.019999999999999E-002  3.978379489425494E-002  5.160128048025952E-002
  1.029999999999999E-002  4.039936278878594E-002  5.187754925043157E-002
  1.039999999999999E-002  4.101822609180997E-002  5.215044332993864E-002
  1.049999999999999E-002  4.164034454904850E-002  5.242000297999597E-002
  1.059999999999999E-002  4.226567838647027E-002  5.268626798157144E-002
  1.069999999999999E-002  4.289418830456287E-002  5.294927764111596E-002
  1.079999999999999E-002  4.352583547267250E-002  5.320907079621820E-002
  1.089999999999999E-002  4.416058152341126E-002  5.346568582120274E-002
  1.099999999999999E-002  4.479838854713122E-002  5.371916063265240E-002
  1.109999999999999E-002  4.543921908646430E-002  5.396953269487016E-002
  1.119999999999999E-002  4.608303613092739E-002  5.421683902527225E-002
  1.129999999999999E-002  4.672980311159176E-002  5.446111619972231E-002
  1.139999999999999E-002  4.737948389581605E-002  5.470240035779482E-002
  1.149999999999999E-002  4.803204278204214E-002  5.494072720797744E-002
  1.159999999999999E-002  4.868744449465298E-002  5.517613203282037E-002
  1.169999999999998E-002  4.934565417889190E-002  5.540864969401162E-002
  1.179999999999998E-002  5.000663739584249E-002  5.563831463739893E-002
  1.189999999999998E-002  5.067036011746823E-002  5.586516089794307E-002
  1.199999999999998E-002  5.133678872171143E-002  5.608922210464018E-002
  1.209999999999998E-002  5.200588998765072E-002  5.631053148533409E-002
  1.219999999999998E-002  5.267763109071595E-002  5.652912187152452E-002
  1.229999999999998E-002  5.335197959796054E-002  5.674502570308406E-002
  1.239999999999998E-002  5.402890346339004E-002  5.695827503293674E-002
  1.249999999999998E-002  5.470837102334645E-002  5.716890153166656E-002
  1.259999999999998E-002  5.539035099194758E-002  5.737693649207640E-002
  1.269999999999998E-002  5.607481245658082E-002  5.758241083371200E-002
  1.279999999999998E-002  5.676172487345073E-002  5.778535510728770E-002
  1.289999999999998E-002  5.745105806317957E-002  5.798579949910726E-002
  1.299999999999998E-002  5.814278220646050E-002  5.818377383539999E-002
  1.309999999999998E-002  5.883686783976251E-002  5.837930758661934E-002
  1.319999999999998E-002  5.953328585108660E-002  5.857242987168680E-002
  1.329999999999998E-002  6.023200747577262E-002  5.876316946218496E-002
  1.339999999999997E-002  6.093300429235617E-002  5.895155478649715E-002
  1.349999999999997E-002  6.163624821847467E-002  5.913761393390839E-002
  1.359999999999997E-002  6.234171150682269E-002  5.932137465864304E-002
  1.369999999999997E-002  6.304936674115511E-002  5.950286438386690E-002
  1.379999999999997E-002  6.375918683233819E-002  5.968211020562905E-002
  1.389999999999997E-002  6.447114501444766E-002  5.985913889677270E-002
  1.399999999999997E-002  6.518521484091343E-002  6.003397691078861E-002
  1.409999999999997E-002  6.590137018071020E-002  6.020665038561389E-002
  1.419999999999997E-002  6.661958521459350E-002  6.037718514741190E-002
  1.429999999999997E-002  6.733983443138074E-002  6.054560671427885E-002
  1.439999999999997E-002  6.806209262427654E-002  6.071194029993077E-002
  1.449999999999997E-002  6.878633488724192E-002  6.087621081731490E-002
  1.459999999999997E-002  6.951253661140673E-002  6.103844288221676E-002
  1.469999999999997E-002  7.024067348152495E-002  6.119866081679771E-002
  1.479999999999997E-002  7.097072147247228E-002  6.135688865309387E-002
  1.489999999999997E-002  7.170265684578546E-002  6.151315013647497E-002
  1.499999999999996E-002  7.243645614624281E-002  6.166746872908338E-002
  1.509999999999996E-002  7.317209619848579E-002  6.181986761318410E-002
  1.519999999999996E-002  7.390955410368062E-002  6.197036969452095E-002
  1.529999999999996E-002  7.464880723621976E-002  6.211899760560972E-002
  1.539999999999996E-002  7.538983324046288E-002  6.226577370900434E-002
  1.549999999999996E-002  7.613261002751653E-002  6.241072010050114E-002
  1.559999999999996E-002  7.687711577205235E-002  6.255385861234210E-002
  1.569999999999996E-002  7.762332890916313E-002  6.269521081633378E-002
  1.579999999999996E-002  7.837122813125644E-002  6.283479802698574E-002
  1.589999999999996E-002  7.912079238498541E-002  6.297264130454246E-002
  1.599999999999996E-002  7.987200086821584E-002  6.310876145804815E-002
  1.609999999999996E-002  8.062483302702975E-002  6.324317904832374E-002
  1.619999999999996E-002  8.137926855276452E-002  6.337591439093652E-002
  1.629999999999996E-002  8.213528737908748E-002  6.350698755912565E-002
  1.639999999999996E-002  8.289286967910532E-002  6.363641838668203E-002
  1.649999999999996E-002  8.365199586250786E-002  6.376422647082054E-002
  1.659999999999996E-002  8.441264657274614E-002  6.389043117499485E-002
  1.669999999999995E-002  8.517480268424403E-002  6.401505163168221E-002
  1.679999999999995E-002  8.593844529964308E-002  6.413810674513869E-002
  1.689999999999995E-002  8.670355574708023E-002  6.425961519413025E-002
  1.699999999999995E-002  8.747011557749812E-002  6.437959543461186E-002
  1.709999999999995E-002  8.823810656198730E-002  6.449806570239411E-002
  1.719999999999995E-002  8.900751068916030E-002  6.461504401575852E-002
  1.729999999999995E-002  8.977831016255690E-002  6.473054817806821E-002
  1.739999999999995E-002  9.055048739808051E-002  6.484459578031561E-002
  1.749999999999995E-002  9.132402502146493E-002  6.495720420366451E-002
  1.759999999999995E-002  9.209890586577150E-002  6.506839062194582E-002
  1.769999999999995E-002  9.287511296891590E-002  6.517817200414325E-002
  1.779999999999995E-002  9.365262957122476E-002  6.528656511682419E-002
  1.789999999999995E-002  9.443143911302113E-002  6.539358652655788E-002
  1.799999999999995E-002  9.521152523223880E-002  6.549925260230277E-002
  1.809999999999995E-002  9.599287176206529E-002  6.560357951777072E-002
  1.819999999999995E-002  9.677546272861273E-002  6.570658325373832E-002
  1.829999999999994E-002  9.755928234861659E-002  6.580827960036235E-002
  1.839999999999994E-002  9.834431502716182E-002  6.590868415944837E-002
  1.849999999999994E-002  9.913054535543617E-002  6.600781234670086E-002
  1.859999999999994E-002  9.991795810851040E-002  6.610567939393958E-002
  1.869999999999994E-002  0.100706538243145       6.620230035128943E-002
  1.879999999999994E-002  0.101496270895622       6.629769008936200E-002
  1.889999999999994E-002  0.102287141379605       6.639186330137904E-002
  1.899999999999994E-002  0.103079135184022       6.648483450530451E-002
  1.909999999999994E-002  0.103872237970976       6.657661804591719E-002
  1.919999999999994E-002  0.104666435573679       6.666722809689614E-002
  1.929999999999994E-002  0.105461713994410       6.675667866284737E-002
  1.939999999999994E-002  0.106258059402498       6.684498358132597E-002
  1.949999999999994E-002  0.107055458132332       6.693215652482508E-002
  1.959999999999994E-002  0.107853896681391       6.701821100275734E-002
  1.969999999999994E-002  0.108653361708296       6.710316036337878E-002
  1.979999999999994E-002  0.109453840030890       6.718701779573251E-002
  1.989999999999994E-002  0.110255318624342       6.726979633153360E-002
  1.999999999999993E-002  0.111057784619262       6.735150884704930E-002
  2.009999999999993E-002  0.111861225299855       6.743216806495862E-002
  2.019999999999993E-002  0.112665628102087       6.751178655617721E-002
  2.029999999999993E-002  0.113470980611869       6.759037674167127E-002
  2.039999999999993E-002  0.114277270563277       6.766795089424615E-002
  2.049999999999993E-002  0.115084485836779       6.774452114031543E-002
  2.059999999999993E-002  0.115892614457490       6.782009946163640E-002
  2.069999999999993E-002  0.116701644593447       6.789469769705528E-002
  2.079999999999993E-002  0.117511564553905       6.796832754419038E-002
  2.089999999999993E-002  0.118322362787651       6.804100056113462E-002
  2.099999999999993E-002  0.119134027881340       6.811272816810374E-002
  2.109999999999993E-002  0.119946548557850       6.818352164910058E-002
  2.119999999999993E-002  0.120759913674660       6.825339215352201E-002
  2.129999999999993E-002  0.121574112222239       6.832235069776638E-002
  2.139999999999993E-002  0.122389133322466       6.839040816683416E-002
  2.149999999999993E-002  0.123204966227058       6.845757531587929E-002
  2.159999999999992E-002  0.124021600316022       6.852386277176696E-002
  2.169999999999992E-002  0.124839025096127       6.858928103460023E-002
  2.179999999999992E-002  0.125657230199387       6.865384047923576E-002
  2.189999999999992E-002  0.126476205381574       6.871755135677407E-002
  2.199999999999992E-002  0.127295940520736       6.878042379603594E-002
  2.209999999999992E-002  0.128116425615741       6.884246780502259E-002
  2.219999999999992E-002  0.128937650784835       6.890369327235873E-002
  2.229999999999992E-002  0.129759606264219       6.896410996871119E-002
  2.239999999999992E-002  0.130582282406640       6.902372754819766E-002
  2.249999999999992E-002  0.131405669680004       6.908255554978232E-002
  2.259999999999992E-002  0.132229758666000       6.914060339864053E-002
  2.269999999999992E-002  0.133054540058741       6.919788040752850E-002
  2.279999999999992E-002  0.133880004663428       6.925439577810838E-002
  2.289999999999992E-002  0.134706143395021       6.931015860228582E-002
  2.299999999999992E-002  0.135532947276930       6.936517786351379E-002
  2.309999999999992E-002  0.136360407439724       6.941946243808808E-002
  2.319999999999992E-002  0.137188515119850       6.947302109642367E-002
  2.329999999999991E-002  0.138017261658371       6.952586250431952E-002
  2.339999999999991E-002  0.138846638499717       6.957799522420829E-002
  2.349999999999991E-002  0.139676637190457       6.962942771638742E-002
  2.359999999999991E-002  0.140507249378072       6.968016834022858E-002
  2.369999999999991E-002  0.141338466809759       6.973022535539586E-002
  2.379999999999991E-002  0.142170281331238       6.977960692303323E-002
  2.389999999999991E-002  0.143002684885577       6.982832110692908E-002
  2.399999999999991E-002  0.143835669512031       6.987637587468640E-002
  2.409999999999991E-002  0.144669227344897       6.992377909886477E-002
  2.419999999999991E-002  0.145503350612375       6.997053855812294E-002
  2.429999999999991E-002  0.146338031635454       7.001666193833184E-002
  2.439999999999991E-002  0.147173262826800       7.006215683367595E-002
  2.449999999999991E-002  0.148009036689665       7.010703074775954E-002
  2.459999999999991E-002  0.148845345816808       7.015129109468171E-002
  2.469999999999991E-002  0.149682182889423       7.019494520009872E-002
  2.479999999999991E-002  0.150519540676088       7.023800030228963E-002
  2.489999999999990E-002  0.151357412031721       7.028046355318435E-002
  2.499999999999990E-002  0.152195789896550       7.032234201941318E-002
  2.509999999999990E-002  0.153034667295097       7.036364268330472E-002
  2.519999999999990E-002  0.153874037335169       7.040437244390038E-002
  2.529999999999990E-002  0.154713893206868       7.044453811794960E-002
  2.539999999999990E-002  0.155554228181610       7.048414644089140E-002
  2.549999999999990E-002  0.156395035611149       7.052320406781376E-002
  2.559999999999990E-002  0.157236308926626       7.056171757442789E-002
  2.569999999999990E-002  0.158078041637618       7.059969345800626E-002
  2.579999999999990E-002  0.158920227331205       7.063713813831468E-002
  2.589999999999990E-002  0.159762859671040       7.067405795854931E-002
  2.599999999999990E-002  0.160605932396443       7.071045918623392E-002
  2.609999999999990E-002  0.161449439321494       7.074634801414031E-002
  2.619999999999990E-002  0.162293374334140       7.078173056115875E-002
  2.629999999999990E-002  0.163137731395320       7.081661287320046E-002
  2.639999999999990E-002  0.163982504538086       7.085100092405400E-002
  2.649999999999990E-002  0.164827687866750       7.088490061625613E-002
  2.659999999999989E-002  0.165673275556030       7.091831778192945E-002
  2.669999999999989E-002  0.166519261850211       7.095125818362927E-002
  2.679999999999989E-002  0.167365641062316       7.098372751517526E-002
  2.689999999999989E-002  0.168212407573286       7.101573140246961E-002
  2.699999999999989E-002  0.169059555831169       7.104727540430530E-002
  2.709999999999989E-002  0.169907080350318       7.107836501316672E-002
  2.719999999999989E-002  0.170754975710605       7.110900565602229E-002
  2.729999999999989E-002  0.171603236556635       7.113920269510776E-002
  2.739999999999989E-002  0.172451857596974       7.116896142869306E-002
  2.749999999999989E-002  0.173300833603389       7.119828709185061E-002
  2.759999999999989E-002  0.174150159410093       7.122718485720381E-002
  2.769999999999989E-002  0.174999829912998       7.125565983567733E-002
  2.779999999999989E-002  0.175849840068980       7.128371707722950E-002
  2.789999999999989E-002  0.176700184895156       7.131136157158299E-002
  2.799999999999989E-002  0.177550859468156       7.133859824893815E-002
  2.809999999999989E-002  0.178401858923425       7.136543198068826E-002
  2.819999999999988E-002  0.179253178454512       7.139186758011565E-002
  2.829999999999988E-002  0.180104813312379       7.141790980309018E-002
  2.839999999999988E-002  0.180956758804721       7.144356334875240E-002
  2.849999999999988E-002  0.181809010295283       7.146883286018477E-002
  2.859999999999988E-002  0.182661563203195       7.149372292509462E-002
  2.869999999999988E-002  0.183514413002311       7.151823807645341E-002
  2.879999999999988E-002  0.184367555220554       7.154238279317085E-002
  2.889999999999988E-002  0.185220985439273       7.156616150072562E-002
  2.899999999999988E-002  0.186074699292608       7.158957857181153E-002
  2.909999999999988E-002  0.186928692466855       7.161263832695480E-002
  2.919999999999988E-002  0.187782960699846       7.163534503515584E-002
  2.929999999999988E-002  0.188637499780338       7.165770291448073E-002
  2.939999999999988E-002  0.189492305547399       7.167971613269014E-002
  2.949999999999988E-002  0.190347373889813       7.170138880782695E-002
  2.959999999999988E-002  0.191202700745486       7.172272500881108E-002
  2.969999999999988E-002  0.192058282100856       7.174372875602716E-002
  2.979999999999988E-002  0.192914113990322       7.176440402190357E-002
  2.989999999999987E-002  0.193770192495662       7.178475473148083E-002
  2.999999999999987E-002  0.194626513745477       7.180478476298580E-002
  3.009999999999987E-002  0.195483073914628       7.182449794837761E-002
  3.019999999999987E-002  0.196339869223683       7.184389807391028E-002
  3.029999999999987E-002  0.197196895938374       7.186298888067427E-002
  3.039999999999987E-002  0.198054150369060       7.188177406513344E-002
  3.049999999999987E-002  0.198911628870190       7.190025727965388E-002
  3.059999999999987E-002  0.199769327839779       7.191844213304407E-002
  3.069999999999987E-002  0.200627243718892       7.193633219105497E-002
  3.079999999999987E-002  0.201485372991125       7.195393097691305E-002
  3.089999999999987E-002  0.202343712182100       7.197124197180987E-002
  3.099999999999987E-002  0.203202257858965       7.198826861541768E-002
  3.109999999999987E-002  0.204061006629896       7.200501430637579E-002
  3.119999999999987E-002  0.204919955143609       7.202148240278530E-002
  3.129999999999987E-002  0.205779100088878       7.203767622268564E-002
  3.139999999999987E-002  0.206638438194054       7.205359904454478E-002
  3.149999999999988E-002  0.207497966226596       7.206925410771353E-002
  3.159999999999988E-002  0.208357680992600       7.208464461291167E-002
  3.169999999999988E-002  0.209217579336343       7.209977372267456E-002
  3.179999999999988E-002  0.210077658139828       7.211464456181391E-002
  3.189999999999989E-002  0.210937914322327       7.212926021786781E-002
  3.199999999999989E-002  0.211798344839944       7.214362374154532E-002
  3.209999999999989E-002  0.212658946685172       7.215773814716211E-002
  3.219999999999990E-002  0.213519716886460       7.217160641308018E-002
  3.229999999999990E-002  0.214380652507783       7.218523148213460E-002
  3.239999999999990E-002  0.215241750648219       7.219861626205579E-002
  3.249999999999990E-002  0.216103008441531       7.221176362588988E-002
  3.259999999999991E-002  0.216964423055753       7.222467641241073E-002
  3.269999999999991E-002  0.217825991692779       7.223735742653223E-002
  3.279999999999991E-002  0.218687711587962       7.224980943970694E-002
  3.289999999999992E-002  0.219549580009712       7.226203519033050E-002
  3.299999999999992E-002  0.220411594259107       7.227403738413418E-002
  3.309999999999992E-002  0.221273751669496       7.228581869456918E-002
  3.319999999999992E-002  0.222136049606120       7.229738176320055E-002
  3.329999999999993E-002  0.222998485465728       7.230872920008577E-002
  3.339999999999993E-002  0.223861056676202       7.231986358414350E-002
  3.349999999999993E-002  0.224723760696189       7.233078746352853E-002
  3.359999999999994E-002  0.225586595014729       7.234150335600587E-002
  3.369999999999994E-002  0.226449557150893       7.235201374930253E-002
  3.379999999999994E-002  0.227312644653430       7.236232110147478E-002
  3.389999999999994E-002  0.228175855100407       7.237242784125139E-002
  3.399999999999995E-002  0.229039186098862       7.238233636839411E-002
  3.409999999999995E-002  0.229902635284459       7.239204905404320E-002
  3.419999999999995E-002  0.230766200321144       7.240156824104815E-002
  3.429999999999996E-002  0.231629878900810       7.241089624431404E-002
  3.439999999999996E-002  0.232493668742963       7.242003535113137E-002
  3.449999999999996E-002  0.233357567594392       7.242898782150714E-002
  3.459999999999996E-002  0.234221573228846       7.243775588849388E-002
  3.469999999999997E-002  0.235085683446706       7.244634175849701E-002
  3.479999999999997E-002  0.235949896074677       7.245474761161752E-002
  3.489999999999997E-002  0.236814208965466       7.246297560193551E-002
  3.499999999999998E-002  0.237678619997473       7.247102785784729E-002
  3.509999999999998E-002  0.238543127074490       7.247890648235386E-002
  3.519999999999998E-002  0.239407728125391       7.248661355337291E-002
  3.529999999999998E-002  0.240272421103838       7.249415112403607E-002
  3.539999999999999E-002  0.241137203987981       7.250152122298462E-002
  3.549999999999999E-002  0.242002074780172       7.250872585465812E-002
  3.559999999999999E-002  0.242867031506668       7.251576699958834E-002
  3.570000000000000E-002  0.243732072217354       7.252264661468269E-002
  3.580000000000000E-002  0.244597194985455       7.252936663350071E-002
  3.590000000000000E-002  0.245462397907262       7.253592896654498E-002
  3.600000000000000E-002  0.246327679101855       7.254233550152198E-002
  3.610000000000001E-002  0.247193036710829       7.254858810362461E-002
  3.620000000000001E-002  0.248058468898029       7.255468861579190E-002
  3.630000000000001E-002  0.248923973849283       7.256063885898509E-002
  3.640000000000002E-002  0.249789549772140       7.256644063244094E-002
  3.650000000000002E-002  0.250655194895612       7.257209571393258E-002
  3.660000000000002E-002  0.251520907469914       7.257760586002743E-002
  3.670000000000002E-002  0.252386685766216       7.258297280634352E-002
  3.680000000000003E-002  0.253252528076390       7.258819826778717E-002
  3.690000000000003E-002  0.254118432712765       7.259328393881576E-002
  3.700000000000003E-002  0.254984398007880       7.259823149367128E-002
  3.710000000000004E-002  0.255850422314246       7.260304258662303E-002
  3.720000000000004E-002  0.256716504004109       7.260771885221129E-002
  3.730000000000004E-002  0.257582641469207       7.261226190547371E-002
  3.740000000000004E-002  0.258448833120547       7.261667334218513E-002
  3.750000000000005E-002  0.259315077388169       7.262095473908375E-002
  3.760000000000005E-002  0.260181372720921       7.262510765409996E-002
  3.770000000000005E-002  0.261047717586236       7.262913362658246E-002
  3.780000000000006E-002  0.261914110469905       7.263303417751110E-002
  3.790000000000006E-002  0.262780549875866       7.263681080973194E-002
  3.800000000000006E-002  0.263647034325981       7.264046500815752E-002
  3.810000000000006E-002  0.264513562359825       7.264399823998791E-002
  3.820000000000007E-002  0.265380132534474       7.264741195492203E-002
  3.830000000000007E-002  0.266246743424296       7.265070758536635E-002
  3.840000000000007E-002  0.267113393620747       7.265388654664118E-002
  3.850000000000008E-002  0.267980081732163       7.265695023717916E-002
  3.860000000000008E-002  0.268846806383562       7.265990003874090E-002
  3.870000000000008E-002  0.269713566216444       7.266273731659434E-002
  3.880000000000008E-002  0.270580359888595       7.266546341972924E-002
  3.890000000000009E-002  0.271447186073891       7.266807968103878E-002
  3.900000000000009E-002  0.272314043462107       7.267058741751892E-002
  3.910000000000009E-002  0.273180930758729       7.267298793045246E-002
  3.920000000000010E-002  0.274047846684764       7.267528250560379E-002
  3.930000000000010E-002  0.274914789976555       7.267747241339667E-002
  3.940000000000010E-002  0.275781759385602       7.267955890910088E-002
  3.950000000000010E-002  0.276648753678375       7.268154323301484E-002
  3.960000000000011E-002  0.277515771636140       7.268342661063876E-002
  3.970000000000011E-002  0.278382812054782       7.268521025285468E-002
  3.980000000000011E-002  0.279249873744627       7.268689535610090E-002
  3.990000000000012E-002  0.280116955530276       7.268848310254433E-002
  4.000000000000012E-002  0.280984056250429       7.268997466024524E-002
  4.010000000000012E-002  0.281851174757720       7.269137118334168E-002
  4.020000000000012E-002  0.282718309918548       7.269267381219230E-002
  4.030000000000013E-002  0.283585460612917       7.269388367355684E-002
  4.040000000000013E-002  0.284452625734270       7.269500188075645E-002
  4.050000000000013E-002  0.285319804189329       7.269602953383048E-002
  4.060000000000014E-002  0.286186994897941       7.269696771969325E-002
  4.070000000000014E-002  0.287054196792914       7.269781751229748E-002
  4.080000000000014E-002  0.287921408819869       7.269857997277845E-002
  4.090000000000014E-002  0.288788629937084       7.269925614962630E-002
  4.100000000000015E-002  0.289655859115343       7.269984707880850E-002
  4.110000000000015E-002  0.290523095337787       7.270035378394590E-002
  4.120000000000015E-002  0.291390337599770       7.270077727644392E-002
  4.130000000000016E-002  0.292257584908706       7.270111855564371E-002
  4.140000000000016E-002  0.293124836283932       7.270137860896236E-002
  4.150000000000016E-002  0.293992090756564       7.270155841204240E-002
  4.160000000000016E-002  0.294859347369354       7.270165892888858E-002
  4.170000000000017E-002  0.295726605176552       7.270168111200492E-002
  4.180000000000017E-002  0.296593863243773       7.270162590253193E-002
  4.190000000000017E-002  0.297461120647856       7.270149423038397E-002
  4.200000000000018E-002  0.298328376476731       7.270128701437956E-002
  4.210000000000018E-002  0.299195629829292       7.270100516238431E-002
  4.220000000000018E-002  0.300062879815259       7.270064957142752E-002
  4.230000000000018E-002  0.300930125555052       7.270022112783847E-002
  4.240000000000019E-002  0.301797366179666       7.269972070737757E-002
  4.250000000000019E-002  0.302664600830539       7.269914917535358E-002
  4.260000000000019E-002  0.303531828659432       7.269850738675543E-002
  4.270000000000020E-002  0.304399048828307       7.269779618637345E-002
  4.280000000000020E-002  0.305266260509199       7.269701640891751E-002
  4.290000000000020E-002  0.306133462884101       7.269616887914443E-002
  4.300000000000020E-002  0.307000655144846       7.269525441196595E-002
  4.310000000000021E-002  0.307867836492985       7.269427381258392E-002
  4.320000000000021E-002  0.308735006139674       7.269322787658317E-002
  4.330000000000021E-002  0.309602163305559       7.269211739006559E-002
  4.340000000000022E-002  0.310469307220665       7.269094312975094E-002
  4.350000000000022E-002  0.311336437124279       7.268970586309581E-002
  4.360000000000022E-002  0.312203552264845       7.268840634840412E-002
  4.370000000000022E-002  0.313070651899849       7.268704533492742E-002
  4.380000000000023E-002  0.313937735295718       7.268562356298536E-002
  4.390000000000023E-002  0.314804801727706       7.268414176406318E-002
  4.400000000000023E-002  0.315671850479797       7.268260066092436E-002
  4.410000000000024E-002  0.316538880844591       7.268100096770391E-002
  4.420000000000024E-002  0.317405892123211       7.267934339002208E-002
  4.430000000000024E-002  0.318272883625194       7.267762862508220E-002
  4.440000000000024E-002  0.319139854668395       7.267585736176585E-002
  4.450000000000025E-002  0.320006804578884       7.267403028074271E-002
  4.460000000000025E-002  0.320873732690854       7.267214805456157E-002
  4.470000000000025E-002  0.321740638346517       7.267021134774343E-002
  4.480000000000026E-002  0.322607520896013       7.266822081688989E-002
  4.490000000000026E-002  0.323474379697313       7.266617711076145E-002
  4.500000000000026E-002  0.324341214116128       7.266408087038539E-002
  4.510000000000026E-002  0.325208023525815       7.266193272914090E-002
  4.520000000000027E-002  0.326074807307286       7.265973331285014E-002
  4.530000000000027E-002  0.326941564848918       7.265748323986682E-002
  4.540000000000027E-002  0.327808295546463       7.265518312117758E-002
  4.550000000000028E-002  0.328674998802963       7.265283356047048E-002
  4.560000000000028E-002  0.329541674028659       7.265043515423780E-002
  4.570000000000028E-002  0.330408320640908       7.264798849185505E-002
  4.580000000000028E-002  0.331274938064098       7.264549415566562E-002
  4.590000000000029E-002  0.332141525729561       7.264295272106480E-002
  4.600000000000029E-002  0.333008083075496       7.264036475658620E-002
  4.610000000000029E-002  0.333874609546880       7.263773082398356E-002
  4.620000000000030E-002  0.334741104595393       7.263505147830451E-002
  4.630000000000030E-002  0.335607567679335       7.263232726797769E-002
  4.640000000000030E-002  0.336473998263549       7.262955873488819E-002
  4.650000000000030E-002  0.337340395819339       7.262674641445727E-002
  4.660000000000031E-002  0.338206759824399       7.262389083571963E-002
  4.670000000000031E-002  0.339073089762731       7.262099252139759E-002
  4.680000000000031E-002  0.339939385124574       7.261805198797844E-002
  4.690000000000032E-002  0.340805645406325       7.261506974579029E-002
  4.700000000000032E-002  0.341671870110473       7.261204629907048E-002
  4.710000000000032E-002  0.342538058745516       7.260898214604156E-002
  4.720000000000033E-002  0.343404210825900       7.260587777898320E-002
  4.730000000000033E-002  0.344270325871940       7.260273368429943E-002
  4.740000000000033E-002  0.345136403409754       7.259955034259769E-002
  4.750000000000033E-002  0.346002442971193       7.259632822874545E-002
  4.760000000000034E-002  0.346868444093772       7.259306781195296E-002
  4.770000000000034E-002  0.347734406320602       7.258976955582463E-002
  4.780000000000034E-002  0.348600329200327       7.258643391844033E-002
  4.790000000000035E-002  0.349466212287050       7.258306135241394E-002
  4.800000000000035E-002  0.350332055140279       7.257965230495689E-002
  4.810000000000035E-002  0.351197857324851       7.257620721794800E-002
  4.820000000000035E-002  0.352063618410878       7.257272652799512E-002
  4.830000000000036E-002  0.352929337973678       7.256921066649646E-002
  4.840000000000036E-002  0.353795015593714       7.256566005970244E-002
  4.850000000000036E-002  0.354660650856536       7.256207512878632E-002
  4.860000000000037E-002  0.355526243352715       7.255845628988322E-002
  4.870000000000037E-002  0.356391792677788       7.255480395417513E-002
  4.880000000000037E-002  0.357257298432196       7.255111852793578E-002
  4.890000000000037E-002  0.358122760221226       7.254740041259089E-002
  4.900000000000038E-002  0.358988177654953       7.254365000477631E-002
  4.910000000000038E-002  0.359853550348183       7.253986769639825E-002
  4.920000000000038E-002  0.360718877920399       7.253605387468831E-002
  4.930000000000039E-002  0.361584159995700       7.253220892225543E-002
  4.940000000000039E-002  0.362449396202750       7.252833321714824E-002
  4.950000000000039E-002  0.363314586174724       7.252442713290241E-002
  4.960000000000039E-002  0.364179729549251       7.252049103859615E-002
  4.970000000000040E-002  0.365044825968361       7.251652529890873E-002
  4.980000000000040E-002  0.365909875078438       7.251253027416410E-002
  4.990000000000040E-002  0.366774876530161       7.250850632039180E-002
  5.000000000000041E-002  0.367639829978456       7.250445378937087E-002
  5.010000000000041E-002  0.368504735082447       7.250037302868784E-002
  5.020000000000041E-002  0.369369591505402       7.249626438177603E-002
  5.030000000000041E-002  0.370234398914687       7.249212818797751E-002
  5.040000000000042E-002  0.371099156981714       7.248796478258485E-002
  5.050000000000042E-002  0.371963865381897       7.248377449688570E-002
  5.060000000000042E-002  0.372828523794601       7.247955765821967E-002
  5.070000000000043E-002  0.373693131903093       7.247531459002532E-002
  5.080000000000043E-002  0.374557689394501       7.247104561187601E-002
  5.090000000000043E-002  0.375422195959764       7.246675103953315E-002
  5.100000000000043E-002  0.376286651293588       7.246243118499340E-002
  5.110000000000044E-002  0.377151055094400       7.245808635653006E-002
  5.120000000000044E-002  0.378015407064303       7.245371685873758E-002
  5.130000000000044E-002  0.378879706909036       7.244932299257878E-002
  5.140000000000045E-002  0.379743954337926       7.244490505542828E-002
  5.150000000000045E-002  0.380608149063848       7.244046334110654E-002
  5.160000000000045E-002  0.381472290803181       7.243599813993268E-002
  5.170000000000045E-002  0.382336379275767       7.243150973876289E-002
  5.180000000000046E-002  0.383200414204871       7.242699842102629E-002
  5.190000000000046E-002  0.384064395317139       7.242246446677830E-002
  5.200000000000046E-002  0.384928322342554       7.241790815272309E-002
  5.210000000000047E-002  0.385792195014405       7.241332975227482E-002
  5.220000000000047E-002  0.386656013069237       7.240872953557753E-002
  5.230000000000047E-002  0.387519776246822       7.240410776955636E-002
  5.240000000000047E-002  0.388383484290112       7.239946471795078E-002
  5.250000000000048E-002  0.389247136945209       7.239480064135251E-002
  5.260000000000048E-002  0.390110733961320       7.239011579724652E-002
  5.270000000000048E-002  0.390974275090724       7.238541044004304E-002
  5.280000000000049E-002  0.391837760088736       7.238068482111931E-002
  5.290000000000049E-002  0.392701188713669       7.237593918885588E-002
  5.300000000000049E-002  0.393564560726798       7.237117378866159E-002
  5.310000000000049E-002  0.394427875892327       7.236638886302699E-002
  5.320000000000050E-002  0.395291133977350       7.236158465154463E-002
  5.330000000000050E-002  0.396154334751820       7.235676139094932E-002
  5.340000000000050E-002  0.397017477988516       7.235191931515011E-002
  5.350000000000051E-002  0.397880563463003       7.234705865526775E-002
  5.360000000000051E-002  0.398743590953607       7.234217963966078E-002
  5.370000000000051E-002  0.399606560241375       7.233728249397270E-002
  5.380000000000051E-002  0.400469471110047       7.233236744114829E-002
  5.390000000000052E-002  0.401332323346021       7.232743470147135E-002
  5.400000000000052E-002  0.402195116738325       7.232248449259976E-002
  5.410000000000052E-002  0.403057851078581       7.231751702959327E-002
  5.420000000000053E-002  0.403920526160978       7.231253252494652E-002
  5.430000000000053E-002  0.404783141782237       7.230753118862104E-002
  5.440000000000053E-002  0.405645697741587       7.230251322807046E-002
  5.450000000000053E-002  0.406508193840729       7.229747884827376E-002
  5.460000000000054E-002  0.407370629883810       7.229242825176491E-002
  5.470000000000054E-002  0.408233005677393       7.228736163866195E-002
  5.480000000000054E-002  0.409095321030428       7.228227920669067E-002
  5.490000000000055E-002  0.409957575754223       7.227718115122700E-002
  5.500000000000055E-002  0.410819769662418       7.227206766530764E-002
  5.510000000000055E-002  0.411681902570953       7.226693893966668E-002
  5.520000000000055E-002  0.412543974298045       7.226179516276832E-002
  5.530000000000056E-002  0.413405984664159       7.225663652082348E-002
  5.540000000000056E-002  0.414267933491980       7.225146319782183E-002
  5.550000000000056E-002  0.415129820606390       7.224627537555839E-002
  5.560000000000057E-002  0.415991645834438       7.224107323365964E-002
  5.570000000000057E-002  0.416853409005314       7.223585694960771E-002
  5.580000000000057E-002  0.417715109950328       7.223062669876407E-002
  5.590000000000057E-002  0.418576748502881       7.222538265440909E-002
  5.600000000000058E-002  0.419438324498439       7.222012498774028E-002
  5.610000000000058E-002  0.420299837774512       7.221485386792714E-002
  5.620000000000058E-002  0.421161288170628       7.220956946210721E-002
  5.630000000000059E-002  0.422022675528308       7.220427193543311E-002
  5.640000000000059E-002  0.422883999691042       7.219896145108579E-002
  5.650000000000059E-002  0.423745260504269       7.219363817029434E-002
  5.660000000000059E-002  0.424606457815348       7.218830225236650E-002
  5.670000000000060E-002  0.425467591473542       7.218295385471324E-002
  5.680000000000060E-002  0.426328661329989       7.217759313286259E-002
  5.690000000000060E-002  0.427189667237682       7.217222024048919E-002
  5.700000000000061E-002  0.428050609051449       7.216683532943097E-002
  5.710000000000061E-002  0.428911486627927       7.216143854971652E-002
  5.720000000000061E-002  0.429772299825544       7.215603004958665E-002
  5.730000000000061E-002  0.430633048504497       7.215060997550327E-002
  5.740000000000062E-002  0.431493732526728       7.214517847219715E-002
  5.750000000000062E-002  0.432354351755906       7.213973568265852E-002
  5.760000000000062E-002  0.433214906057406       7.213428174817554E-002
  5.770000000000063E-002  0.434075395298289       7.212881680835098E-002
  5.780000000000063E-002  0.434935819347280       7.212334100112244E-002
  5.790000000000063E-002  0.435796178074751       7.211785446278041E-002
  5.800000000000063E-002  0.436656471352697       7.211235732798960E-002
  5.810000000000064E-002  0.437516699054722       7.210684972980669E-002
  5.820000000000064E-002  0.438376861056015       7.210133179970118E-002
  5.830000000000064E-002  0.439236957233335       7.209580366757612E-002
  5.840000000000065E-002  0.440096987464990       7.209026546178332E-002
  5.850000000000065E-002  0.440956951630819       7.208471730914001E-002
  5.860000000000065E-002  0.441816849612172       7.207915933495423E-002
  5.870000000000065E-002  0.442676681291897       7.207359166303401E-002
  5.880000000000066E-002  0.443536446554316       7.206801441571409E-002
  5.890000000000066E-002  0.444396145285211       7.206242771386995E-002
  5.900000000000066E-002  0.445255777371807       7.205683167693172E-002
  5.910000000000067E-002  0.446115342702753       7.205122642290496E-002
  5.920000000000067E-002  0.446974841168104       7.204561206838933E-002
  5.930000000000067E-002  0.447834272659308       7.203998872859013E-002
  5.940000000000067E-002  0.448693637069186       7.203435651733847E-002
  5.950000000000068E-002  0.449552934291917       7.202871554710943E-002
  5.960000000000068E-002  0.450412164223023       7.202306592903285E-002
  5.970000000000068E-002  0.451271326759349       7.201740777291482E-002
  5.980000000000069E-002  0.452130421799051       7.201174118724990E-002
  5.990000000000069E-002  0.452989449241581       7.200606627923656E-002
  6.000000000000069E-002  0.453848408987667       7.200038315479651E-002
  6.010000000000069E-002  0.454707300939301       7.199469191858793E-002
  6.020000000000070E-002  0.455566124999725       7.198899267401521E-002
  6.030000000000070E-002  0.456424881073413       7.198328552325300E-002
  6.040000000000070E-002  0.457283569066058       7.197757056725884E-002
  6.050000000000071E-002  0.458142188884556       7.197184790577899E-002
  6.060000000000071E-002  0.459000740436997       7.196611763737337E-002
  6.070000000000071E-002  0.459859223632641       7.196037985942638E-002
  6.080000000000071E-002  0.460717638381914       7.195463466815533E-002
  6.090000000000072E-002  0.461575984596388       7.194888215863526E-002
  6.100000000000072E-002  0.462434262188769       7.194312242480527E-002
  6.110000000000072E-002  0.463292471072883       7.193735555947511E-002
  6.120000000000073E-002  0.464150611163665       7.193158165436336E-002
  6.130000000000073E-002  0.465008682377143       7.192580080007871E-002
  6.140000000000073E-002  0.465866684630424       7.192001308615603E-002
  6.150000000000073E-002  0.466724617841686       7.191421860105868E-002
  6.160000000000074E-002  0.467582481930161       7.190841743219656E-002
  6.170000000000074E-002  0.468440276816123       7.190260966593343E-002
  6.180000000000074E-002  0.469298002420877       7.189679538760452E-002
  6.190000000000075E-002  0.470155658666745       7.189097468152911E-002
  6.200000000000075E-002  0.471013245477056       7.188514763101350E-002
  6.210000000000075E-002  0.471870762776132       7.187931431837558E-002
  6.220000000000075E-002  0.472728210489277       7.187347482494610E-002
  6.230000000000076E-002  0.473585588542765       7.186762923108914E-002
  6.240000000000076E-002  0.474442896863829       7.186177761620838E-002
  6.250000000000076E-002  0.475300135380648       7.185592005875868E-002
  6.260000000000077E-002  0.476157304022339       7.185005663625721E-002
  6.270000000000077E-002  0.477014402718942       7.184418742530357E-002
  6.280000000000077E-002  0.477871431401411       7.183831250157136E-002
  6.290000000000077E-002  0.478728390001602       7.183243193984024E-002
  6.300000000000078E-002  0.479585278452264       7.182654581399445E-002
  6.310000000000078E-002  0.480442096687028       7.182065419703509E-002
  6.320000000000078E-002  0.481298844640394       7.181475716109070E-002
  6.330000000000079E-002  0.482155522247724       7.180885477743482E-002
  6.340000000000079E-002  0.483012129445228       7.180294711648183E-002
  6.350000000000079E-002  0.483868666169958       7.179703424781697E-002
  6.360000000000079E-002  0.484725132359795       7.179111624018120E-002
  6.370000000000080E-002  0.485581527953441       7.178519316150611E-002
  6.380000000000080E-002  0.486437852890407       7.177926507890775E-002
  6.390000000000080E-002  0.487294107111006       7.177333205869979E-002
  6.400000000000081E-002  0.488150290556340       7.176739416640660E-002
  6.410000000000081E-002  0.489006403168294       7.176145146676743E-002
  6.420000000000081E-002  0.489862444889526       7.175550402375652E-002
  6.430000000000081E-002  0.490718415663455       7.174955190057597E-002
  6.440000000000082E-002  0.491574315434255       7.174359515967588E-002
  6.450000000000082E-002  0.492430144146845       7.173763386276311E-002
  6.460000000000082E-002  0.493285901746881       7.173166807080317E-002
  6.470000000000083E-002  0.494141588180744       7.172569784404148E-002
  6.480000000000083E-002  0.494997203395535       7.171972324199416E-002
  6.490000000000083E-002  0.495852747339065       7.171374432347627E-002
  6.500000000000083E-002  0.496708219959846       7.170776114659427E-002
  6.510000000000084E-002  0.497563621207084       7.170177376876674E-002
  6.520000000000084E-002  0.498418951030669       7.169578224672035E-002
  6.530000000000084E-002  0.499274209381168       7.168978663650860E-002
  6.540000000000085E-002  0.500129396209816       7.168378699351641E-002
  6.550000000000085E-002  0.500984511468510       7.167778337246444E-002
  6.560000000000085E-002  0.501839555109798       7.167177582741890E-002
  6.570000000000085E-002  0.502694527086875       7.166576441180816E-002
  6.580000000000086E-002  0.503549427353572       7.165974917841444E-002
  6.590000000000086E-002  0.504404255864349       7.165373017939569E-002
  6.600000000000086E-002  0.505259012574290       7.164770746628224E-002
  6.610000000000087E-002  0.506113697439092       7.164168108999180E-002
  6.620000000000087E-002  0.506968310415059       7.163565110083447E-002
  6.630000000000087E-002  0.507822851459098       7.162961754851849E-002
  6.640000000000087E-002  0.508677320528706       7.162358048215933E-002
  6.650000000000088E-002  0.509531717581967       7.161753995028641E-002
  6.660000000000088E-002  0.510386042577543       7.161149600084860E-002
  6.670000000000088E-002  0.511240295474670       7.160544868122287E-002
  6.680000000000089E-002  0.512094476233148       7.159939803822091E-002
  6.690000000000089E-002  0.512948584813333       7.159334411809259E-002
  6.700000000000089E-002  0.513802621176137       7.158728696654137E-002
  6.710000000000090E-002  0.514656585283015       7.158122662871858E-002
  6.720000000000090E-002  0.515510477095959       7.157516314924028E-002
  6.730000000000090E-002  0.516364296577496       7.156909657219057E-002
  6.740000000000090E-002  0.517218043690678       7.156302694112393E-002
  6.750000000000091E-002  0.518071718399075       7.155695429907560E-002
  6.760000000000091E-002  0.518925320666773       7.155087868856713E-002
  6.770000000000091E-002  0.519778850458363       7.154480015161668E-002
  6.780000000000092E-002  0.520632307738937       7.153871872973050E-002
  6.790000000000092E-002  0.521485692474085       7.153263446392855E-002
  6.800000000000092E-002  0.522339004629883       7.152654739473974E-002
  6.810000000000092E-002  0.523192244172892       7.152045756220249E-002
  6.820000000000093E-002  0.524045411070151       7.151436500588459E-002
  6.830000000000093E-002  0.524898505289169       7.150826976487856E-002
  6.840000000000093E-002  0.525751526797924       7.150217187780683E-002
  6.850000000000094E-002  0.526604475564853       7.149607138283653E-002
  6.860000000000094E-002  0.527457351558848       7.148996831767240E-002
  6.870000000000094E-002  0.528310154749253       7.148386271957474E-002
  6.880000000000094E-002  0.529162885105853       7.147775462535599E-002
  6.890000000000095E-002  0.530015542598875       7.147164407139106E-002
  6.900000000000095E-002  0.530868127198978       7.146553109361398E-002
  6.910000000000095E-002  0.531720638877251       7.145941572753900E-002
  6.920000000000096E-002  0.532573077605206       7.145329800824962E-002
  6.930000000000096E-002  0.533425443354774       7.144717797041089E-002
  6.940000000000096E-002  0.534277736098299       7.144105564827441E-002
  6.950000000000096E-002  0.535129955808533       7.143493107568843E-002
  6.960000000000097E-002  0.535982102458633       7.142880428608689E-002
  6.970000000000097E-002  0.536834176022154       7.142267531251023E-002
  6.980000000000097E-002  0.537686176473045       7.141654418760468E-002
  6.990000000000098E-002  0.538538103785645       7.141041094362188E-002
  7.000000000000098E-002  0.539389957934677       7.140427561243390E-002
  7.010000000000098E-002  0.540241738895245       7.139813822552576E-002
  7.020000000000098E-002  0.541093446642829       7.139199881401737E-002
  7.030000000000099E-002  0.541945081153278       7.138585740864156E-002
  7.040000000000099E-002  0.542796642402809       7.137971403977694E-002
  7.050000000000099E-002  0.543648130368003       7.137356873743450E-002
  7.060000000000100E-002  0.544499545025795       7.136742153126185E-002
  7.070000000000100E-002  0.545350886353478       7.136127245056190E-002
  7.080000000000100E-002  0.546202154328691       7.135512152427914E-002
  7.090000000000100E-002  0.547053348929421       7.134896878101626E-002
  7.100000000000101E-002  0.547904470133994       7.134281424903488E-002
  7.110000000000101E-002  0.548755517921074       7.133665795625588E-002
  7.120000000000101E-002  0.549606492269659       7.133049993027074E-002
  7.130000000000102E-002  0.550457393159074       7.132434019833633E-002
  7.140000000000102E-002  0.551308220568972       7.131817878738633E-002
  7.150000000000102E-002  0.552158974479324       7.131201572403489E-002
  7.160000000000102E-002  0.553009654870420       7.130585103457154E-002
  7.170000000000103E-002  0.553860261722865       7.129968474498116E-002
  7.180000000000103E-002  0.554710795017572       7.129351688092966E-002
  7.190000000000103E-002  0.555561254735761       7.128734746778054E-002
  7.200000000000104E-002  0.556411640858953       7.128117653059107E-002
  7.210000000000104E-002  0.557261953368971       7.127500409412324E-002
  7.220000000000104E-002  0.558112192247931       7.126883018284180E-002
  7.230000000000104E-002  0.558962357478240       7.126265482091276E-002
  7.240000000000105E-002  0.559812449042597       7.125647803222446E-002
  7.250000000000105E-002  0.560662466923982       7.125029984037123E-002
  7.260000000000105E-002  0.561512411105658       7.124412026866977E-002
  7.270000000000106E-002  0.562362281571168       7.123793934015676E-002
  7.280000000000106E-002  0.563212078304325       7.123175707759233E-002
  7.290000000000106E-002  0.564061801289219       7.122557350346503E-002
  7.300000000000106E-002  0.564911450510204       7.121938863999533E-002
  7.310000000000107E-002  0.565761025951902       7.121320250913665E-002
  7.320000000000107E-002  0.566610527599195       7.120701513258443E-002
  7.330000000000107E-002  0.567459955437225       7.120082653176962E-002
  7.340000000000108E-002  0.568309309451388       7.119463672786952E-002
  7.350000000000108E-002  0.569158589627334       7.118844574180527E-002
  7.360000000000108E-002  0.570007795950962       7.118225359425379E-002
  7.370000000000108E-002  0.570856928408419       7.117606030563806E-002
  7.380000000000109E-002  0.571705986986093       7.116986589614127E-002
  7.390000000000109E-002  0.572554971670615       7.116367038570393E-002
  7.400000000000109E-002  0.573403882448853       7.115747379402870E-002
  7.410000000000110E-002  0.574252719307910       7.115127614058159E-002
  7.420000000000110E-002  0.575101482235121       7.114507744459797E-002
  7.430000000000110E-002  0.575950171218051       7.113887772507854E-002
  7.440000000000110E-002  0.576798786244492       7.113267700080450E-002
  7.450000000000111E-002  0.577647327302458       7.112647529032401E-002
  7.460000000000111E-002  0.578495794380186       7.112027261196951E-002
  7.470000000000111E-002  0.579344187466132       7.111406898384753E-002
  7.480000000000112E-002  0.580192506548967       7.110786442385930E-002
  7.490000000000112E-002  0.581040751617576       7.110165894968179E-002
  7.500000000000112E-002  0.581888922661054       7.109545257878480E-002
  7.510000000000112E-002  0.582737019668706       7.108924532842786E-002
  7.520000000000113E-002  0.583585042630041       7.108303721566289E-002
  7.530000000000113E-002  0.584432991534773       7.107682825734207E-002
  7.540000000000113E-002  0.585280866372816       7.107061847011109E-002
  7.550000000000114E-002  0.586128667134284       7.106440787042057E-002
  7.560000000000114E-002  0.586976393809484       7.105819647452161E-002
  7.570000000000114E-002  0.587824046388920       7.105198429847470E-002
  7.580000000000114E-002  0.588671624863288       7.104577135814194E-002
  7.590000000000115E-002  0.589519129223469       7.103955766920134E-002
  7.600000000000115E-002  0.590366559460536       7.103334324713872E-002
  7.610000000000115E-002  0.591213915565744       7.102712810725864E-002
  7.620000000000116E-002  0.592061197530531       7.102091226467955E-002
  7.630000000000116E-002  0.592908405346515       7.101469573434316E-002
  7.640000000000116E-002  0.593755539005492       7.100847853100767E-002
  7.650000000000116E-002  0.594602598499437       7.100226066925686E-002
  7.660000000000117E-002  0.595449583820494       7.099604216349886E-002
  7.670000000000117E-002  0.596296494960983       7.098982302797352E-002
  7.680000000000117E-002  0.597143331913392       7.098360327674369E-002
  7.690000000000118E-002  0.597990094670377       7.097738292370626E-002
  7.700000000000118E-002  0.598836783224760       7.097116198259423E-002
  7.710000000000118E-002  0.599683397569527       7.096494046697832E-002
  7.720000000000118E-002  0.600529937697825       7.095871839025869E-002
  7.730000000000119E-002  0.601376403602961       7.095249576567919E-002
  7.740000000000119E-002  0.602222795278401       7.094627260632924E-002
  7.750000000000119E-002  0.603069112717767       7.094004892513672E-002
  7.760000000000120E-002  0.603915355914833       7.093382473487364E-002
  7.770000000000120E-002  0.604761524863529       7.092760004816123E-002
  7.780000000000120E-002  0.605607619557932       7.092137487747396E-002
  7.790000000000120E-002  0.606453639992271       7.091514923512865E-002
  7.800000000000121E-002  0.607299586160919       7.090892313330199E-002
  7.810000000000121E-002  0.608145458058396       7.090269658402037E-002
  7.820000000000121E-002  0.608991255679365       7.089646959916496E-002
  7.830000000000122E-002  0.609836979018630       7.089024219048212E-002
  7.840000000000122E-002  0.610682628071138       7.088401436956404E-002
  7.850000000000122E-002  0.611528202831970       7.087778614788232E-002
  7.860000000000122E-002  0.612373703296346       7.087155753675400E-002
  7.870000000000123E-002  0.613219129459623       7.086532854737349E-002
  7.880000000000123E-002  0.614064481317287       7.085909919079292E-002
  7.890000000000123E-002  0.614909758864960       7.085286947793423E-002
  7.900000000000124E-002  0.615754962098392       7.084663941958924E-002
  7.910000000000124E-002  0.616600091013463       7.084040902641908E-002
  7.920000000000124E-002  0.617445145606178       7.083417830895966E-002
  7.930000000000124E-002  0.618290125872671       7.082794727761932E-002
  7.940000000000125E-002  0.619135031809196       7.082171594268216E-002
  7.950000000000125E-002  0.619979863412135       7.081548431430806E-002
  7.960000000000125E-002  0.620824620677985       7.080925240253388E-002
  7.970000000000126E-002  0.621669303603369       7.080302021728013E-002
  7.980000000000126E-002  0.622513912185023       7.079678776834564E-002
  7.990000000000126E-002  0.623358446419803       7.079055506541043E-002
  8.000000000000126E-002  0.624202906304679       7.078432211804275E-002
  8.010000000000127E-002  0.625047291836737       7.077808893569304E-002
  8.020000000000127E-002  0.625891603013173       7.077185552769905E-002
  8.030000000000127E-002  0.626735839831297       7.076562190328717E-002
  8.040000000000128E-002  0.627580002288527       7.075938807157378E-002
  8.050000000000128E-002  0.628424090382391       7.075315404156290E-002
  8.060000000000128E-002  0.629268104110524       7.074691982215287E-002
  8.070000000000128E-002  0.630112043470667       7.074068542213419E-002
  8.080000000000129E-002  0.630955908460667       7.073445085019603E-002
  8.090000000000129E-002  0.631799699078473       7.072821611491864E-002
  8.100000000000129E-002  0.632643415322136       7.072198122478168E-002
  8.110000000000130E-002  0.633487057189811       7.071574618816001E-002
  8.120000000000130E-002  0.634330624679750       7.070951101333045E-002
  8.130000000000130E-002  0.635174117790305       7.070327570847468E-002
  8.140000000000130E-002  0.636017536519925       7.069704028166601E-002
  8.150000000000131E-002  0.636860880867157       7.069080474089040E-002
  8.160000000000131E-002  0.637704150830641       7.068456909403331E-002
  8.170000000000131E-002  0.638547346409111       7.067833334888785E-002
  8.180000000000132E-002  0.639390467601397       7.067209751315229E-002
  8.190000000000132E-002  0.640233514406418       7.066586159442967E-002
  8.200000000000132E-002  0.641076486823184       7.065962560023931E-002
  8.210000000000132E-002  0.641919384850796       7.065338953800382E-002
  8.220000000000133E-002  0.642762208488442       7.064715341505734E-002
  8.230000000000133E-002  0.643604957735399       7.064091723864818E-002
  8.240000000000133E-002  0.644447632591029       7.063468101593817E-002
  8.250000000000134E-002  0.645290233054780       7.062844475400032E-002
  8.260000000000134E-002  0.646132759126185       7.062220845982314E-002
  8.270000000000134E-002  0.646975210804859       7.061597214031357E-002
  8.280000000000134E-002  0.647817588090501       7.060973580229435E-002
  8.290000000000135E-002  0.648659890982891       7.060349945250333E-002
  8.300000000000135E-002  0.649502119481888       7.059726309760517E-002
  8.310000000000135E-002  0.650344273587431       7.059102674417783E-002
  8.320000000000136E-002  0.651186353299540       7.058479039871912E-002
  8.330000000000136E-002  0.652028358618309       7.057855406765456E-002
  8.340000000000136E-002  0.652870289543910       7.057231775732764E-002
  8.350000000000136E-002  0.653712146076591       7.056608147400822E-002
  8.360000000000137E-002  0.654553928216674       7.055984522389114E-002
  8.370000000000137E-002  0.655395635964557       7.055360901309204E-002
  8.380000000000137E-002  0.656237269320708       7.054737284766255E-002
  8.390000000000138E-002  0.657078828285669       7.054113673357154E-002
  8.400000000000138E-002  0.657920312860052       7.053490067672186E-002
  8.410000000000138E-002  0.658761723044542       7.052866468294250E-002
  8.420000000000138E-002  0.659603058839890       7.052242875799641E-002
  8.430000000000139E-002  0.660444320246919       7.051619290757238E-002
  8.440000000000139E-002  0.661285507266516       7.050995713729158E-002
  8.450000000000139E-002  0.662126619899640       7.050372145271155E-002
  8.460000000000140E-002  0.662967658147311       7.049748585932170E-002
  8.470000000000140E-002  0.663808622010620       7.049125036254067E-002
  8.480000000000140E-002  0.664649511490717       7.048501496772619E-002
  8.490000000000140E-002  0.665490326588821       7.047877968017180E-002
  8.500000000000141E-002  0.666331067306210       7.047254450510454E-002
  8.510000000000141E-002  0.667171733644227       7.046630944769261E-002
  8.520000000000141E-002  0.668012325604276       7.046007451303538E-002
  8.530000000000142E-002  0.668852843187821       7.045383970618035E-002
  8.540000000000142E-002  0.669693286396388       7.044760503210412E-002
  8.550000000000142E-002  0.670533655231560       7.044137049573107E-002
  8.560000000000142E-002  0.671373949694980       7.043513610192509E-002
  8.570000000000143E-002  0.672214169788350       7.042890185548478E-002
  8.580000000000143E-002  0.673054315513428       7.042266776115891E-002
  8.590000000000143E-002  0.673894386872027       7.041643382363572E-002
  8.600000000000144E-002  0.674734383866020       7.041020004754772E-002
  8.610000000000144E-002  0.675574306497332       7.040396643747215E-002
  8.620000000000144E-002  0.676414154767944       7.039773299792806E-002
  8.630000000000144E-002  0.677253928679891       7.039149973338232E-002
  8.640000000000145E-002  0.678093628235260       7.038526664824862E-002
  8.650000000000145E-002  0.678933253436191       7.037903374688803E-002
  8.660000000000145E-002  0.679772804284877       7.037280103360588E-002
  8.670000000000146E-002  0.680612280783563       7.036656851265455E-002
  8.680000000000146E-002  0.681451682934542       7.036033618824267E-002
  8.690000000000146E-002  0.682291010740159       7.035410406452336E-002
  8.700000000000147E-002  0.683130264202809       7.034787214559679E-002
  8.710000000000147E-002  0.683969443324935       7.034164043551572E-002
  8.720000000000147E-002  0.684808548109028       7.033540893828838E-002
  8.730000000000147E-002  0.685647578557628       7.032917765786983E-002
  8.740000000000148E-002  0.686486534673321       7.032294659816596E-002
  8.750000000000148E-002  0.687325416458741       7.031671576304344E-002
  8.760000000000148E-002  0.688164223916566       7.031048515631200E-002
  8.770000000000149E-002  0.689002957049522       7.030425478174307E-002
  8.780000000000149E-002  0.689841615860378       7.029802464305779E-002
  8.790000000000149E-002  0.690680200351948       7.029179474393821E-002
  8.800000000000149E-002  0.691518710527090       7.028556508801365E-002
  8.810000000000150E-002  0.692357146388706       7.027933567887712E-002
  8.820000000000150E-002  0.693195507939739       7.027310652007168E-002
  8.830000000000150E-002  0.694033795183176       7.026687761510364E-002
  8.840000000000151E-002  0.694872008122046       7.026064896743545E-002
  8.850000000000151E-002  0.695710146759417       7.025442058048315E-002
  8.860000000000151E-002  0.696548211098400       7.024819245762903E-002
  8.870000000000151E-002  0.697386201142146       7.024196460220611E-002
  8.880000000000152E-002  0.698224116893845       7.023573701751484E-002
  8.890000000000152E-002  0.699061958356726       7.022950970680919E-002
  8.900000000000152E-002  0.699899725534059       7.022328267330602E-002
  8.910000000000153E-002  0.700737418429151       7.021705592018934E-002
  8.920000000000153E-002  0.701575037045345       7.021082945059420E-002
  8.930000000000153E-002  0.702412581386025       7.020460326762568E-002
  8.940000000000153E-002  0.703250051454610       7.019837737434809E-002
  8.950000000000154E-002  0.704087447254556       7.019215177378568E-002
  8.960000000000154E-002  0.704924768789354       7.018592646893373E-002
  8.970000000000154E-002  0.705762016062533       7.017970146274288E-002
  8.980000000000155E-002  0.706599189077655       7.017347675813579E-002
  8.990000000000155E-002  0.707436287838319       7.016725235799304E-002
  9.000000000000155E-002  0.708273312348155       7.016102826516613E-002
  9.010000000000155E-002  0.709110262610831       7.015480448246381E-002
  9.020000000000156E-002  0.709947138630046       7.014858101267185E-002
  9.030000000000156E-002  0.710783940409533       7.014235785853229E-002
  9.040000000000156E-002  0.711620667953057       7.013613502275795E-002
  9.050000000000157E-002  0.712457321264417       7.012991250803091E-002
  9.060000000000157E-002  0.713293900347442       7.012369031699617E-002
  9.070000000000157E-002  0.714130405205994       7.011746845227240E-002
  9.080000000000157E-002  0.714966835843965       7.011124691644166E-002
  9.090000000000158E-002  0.715803192265280       7.010502571205346E-002
  9.100000000000158E-002  0.716639474473891       7.009880484163233E-002
  9.110000000000158E-002  0.717475682473783       7.009258430766541E-002
  9.120000000000159E-002  0.718311816268970       7.008636411261382E-002
  9.130000000000159E-002  0.719147875863495       7.008014425891118E-002
  9.140000000000159E-002  0.719983861261430       7.007392474895480E-002
  9.150000000000159E-002  0.720819772466875       7.006770558511710E-002
  9.160000000000160E-002  0.721655609483960       7.006148676974033E-002
  9.170000000000160E-002  0.722491372316841       7.005526830514053E-002
  9.180000000000160E-002  0.723327060969704       7.004905019360275E-002
  9.190000000000161E-002  0.724162675446759       7.004283243738463E-002
  9.200000000000161E-002  0.724998215752246       7.003661503871517E-002
  9.210000000000161E-002  0.725833681890429       7.003039799980204E-002
  9.220000000000161E-002  0.726669073865601       7.002418132281951E-002
  9.230000000000162E-002  0.727504391682080       7.001796500991775E-002
  9.240000000000162E-002  0.728339635344208       7.001174906322305E-002
  9.250000000000162E-002  0.729174804856353       7.000553348483085E-002
  9.260000000000163E-002  0.730009900222911       6.999931827681538E-002
  9.270000000000163E-002  0.730844921448298       6.999310344121878E-002
  9.280000000000163E-002  0.731679868536958       6.998688898007155E-002
  9.290000000000163E-002  0.732514741493358       6.998067489536719E-002
  9.300000000000164E-002  0.733349540321988       6.997446118907924E-002
  9.310000000000164E-002  0.734184265027362       6.996824786315592E-002
  9.320000000000164E-002  0.735018915614018       6.996203491952380E-002
  9.330000000000165E-002  0.735853492086517       6.995582236008491E-002
  9.340000000000165E-002  0.736687994449442       6.994961018671664E-002
  9.350000000000165E-002  0.737522422707397       6.994339840127406E-002
  9.360000000000165E-002  0.738356776865012       6.993718700559182E-002
  9.370000000000166E-002  0.739191056926935       6.993097600148102E-002
  9.380000000000166E-002  0.740025262897837       6.992476539072756E-002
  9.390000000000166E-002  0.740859394782412       6.991855517509971E-002
  9.400000000000167E-002  0.741693452585372       6.991234535634083E-002
  9.410000000000167E-002  0.742527436311452       6.990613593617545E-002
  9.420000000000167E-002  0.743361345965407       6.989992691630387E-002
  9.430000000000167E-002  0.744195181552012       6.989371829841151E-002
  9.440000000000168E-002  0.745028943076062       6.988751008415661E-002
  9.450000000000168E-002  0.745862630542373       6.988130227518119E-002
  9.460000000000168E-002  0.746696243955779       6.987509487310395E-002
  9.470000000000169E-002  0.747529783321134       6.986888787952628E-002
  9.480000000000169E-002  0.748363248643311       6.986268129602857E-002
  9.490000000000169E-002  0.749196639927202       6.985647512417248E-002
  9.500000000000169E-002  0.750029957177718       6.985026936549898E-002
  9.510000000000170E-002  0.750863200399788       6.984406402153276E-002
  9.520000000000170E-002  0.751696369598359       6.983785909378015E-002
  9.530000000000170E-002  0.752529464778395       6.983165458372609E-002
  9.540000000000171E-002  0.753362485944880       6.982545049283762E-002
  9.550000000000171E-002  0.754195433102814       6.981924682256269E-002
  9.560000000000171E-002  0.755028306257214       6.981304357433538E-002
  9.570000000000171E-002  0.755861105413116       6.980684074957100E-002
  9.580000000000172E-002  0.756693830575571       6.980063834966432E-002
  9.590000000000172E-002  0.757526481749646       6.979443637599536E-002
  9.600000000000172E-002  0.758359058940428       6.978823482992935E-002
  9.610000000000173E-002  0.759191562153016       6.978203371281000E-002
  9.620000000000173E-002  0.760023991392527       6.977583302596491E-002
  9.630000000000173E-002  0.760856346664095       6.976963277070769E-002
  9.640000000000173E-002  0.761688627972868       6.976343294833631E-002
  9.650000000000174E-002  0.762520835324010       6.975723356012953E-002
  9.660000000000174E-002  0.763352968722700       6.975103460735466E-002
  9.670000000000174E-002  0.764185028174133       6.974483609125826E-002
  9.680000000000175E-002  0.765017013683517       6.973863801307589E-002
  9.690000000000175E-002  0.765848925256077       6.973244037402460E-002
  9.700000000000175E-002  0.766680762897051       6.972624317531062E-002
  9.710000000000175E-002  0.767512526611692       6.972004641811680E-002
  9.720000000000176E-002  0.768344216405267       6.971385010362074E-002
  9.730000000000176E-002  0.769175832283057       6.970765423297898E-002
  9.740000000000176E-002  0.770007374250356       6.970145880733958E-002
  9.750000000000177E-002  0.770838842312474       6.969526382783153E-002
  9.760000000000177E-002  0.771670236474732       6.968906929557228E-002
  9.770000000000177E-002  0.772501556742465       6.968287521166217E-002
  9.780000000000177E-002  0.773332803121022       6.967668157719209E-002
  9.790000000000178E-002  0.774163975615765       6.967048839323453E-002
  9.800000000000178E-002  0.774995074232067       6.966429566085464E-002
  9.810000000000178E-002  0.775826098975316       6.965810338109757E-002
  9.820000000000179E-002  0.776657049850910       6.965191155500505E-002
  9.830000000000179E-002  0.777487926864263       6.964572018359572E-002
  9.840000000000179E-002  0.778318730020797       6.963952926787775E-002
  9.850000000000179E-002  0.779149459325948       6.963333880885436E-002
  9.860000000000180E-002  0.779980114785166       6.962714880750454E-002
  9.870000000000180E-002  0.780810696403908       6.962095926480261E-002
  9.880000000000180E-002  0.781641204187647       6.961477018171125E-002
  9.890000000000181E-002  0.782471638141866       6.960858155917815E-002
  9.900000000000181E-002  0.783301998272058       6.960239339814134E-002
  9.910000000000181E-002  0.784132284583728       6.959620569952252E-002
  9.920000000000181E-002  0.784962497082394       6.959001846423585E-002
  9.930000000000182E-002  0.785792635773581       6.958383169318461E-002
  9.940000000000182E-002  0.786622700662828       6.957764538725775E-002
  9.950000000000182E-002  0.787452691755684       6.957145954733535E-002
  9.960000000000183E-002  0.788282609057707       6.956527417428526E-002
  9.970000000000183E-002  0.789112452574467       6.955908926896859E-002
  9.980000000000183E-002  0.789942222311543       6.955290483222720E-002
  9.990000000000183E-002  0.790771918274525       6.954672086489999E-002
  0.100000000000000       0.791601540469029       6.954053736778132E-002
